[gd_scene load_steps=6 format=2]

[ext_resource path="res://WorldEnvironment.tscn" type="PackedScene" id=1]
[ext_resource path="res://World_scenes/scenes/Levels/Level_1.tscn" type="PackedScene" id=2]
[ext_resource path="res://World_scenes/Enemies/Enemy_shooter.tscn" type="PackedScene" id=3]
[ext_resource path="res://World_scenes/scenes/Player.tscn" type="PackedScene" id=4]
[ext_resource path="res://World_scenes/Enemies/Enemy_boss.tscn" type="PackedScene" id=5]

[node name="World" type="Spatial"]

[node name="Player" parent="." instance=ExtResource( 4 )]
transform = Transform( 0.999857, 0.0168591, 0.00157082, -0.0168591, 0.999858, 0, -0.0015706, -2.64826e-05, 0.999999, -5.10193, 2.34112, 11.1366 )

[node name="Level_1" parent="." instance=ExtResource( 2 )]

[node name="WorldEnvironment" parent="." instance=ExtResource( 1 )]

[node name="Enemy_shooter" parent="." instance=ExtResource( 3 )]
transform = Transform( -1, 0, 3.27826e-07, 0, 1, 0, -3.27826e-07, 0, -1, -38.0909, 0, -23.1507 )

[node name="Enemy_shooter2" parent="." instance=ExtResource( 3 )]
transform = Transform( -1, 0, 3.27826e-07, 0, 1, 0, -3.27826e-07, 0, -1, -41.0909, 0, -27.1507 )

[node name="Enemy_shooter3" parent="." instance=ExtResource( 3 )]
transform = Transform( -1, 0, 3.27826e-07, 0, 1, 0, -3.27826e-07, 0, -1, -39.0909, 0, -33.1507 )

[node name="Enemy_shooter4" parent="." instance=ExtResource( 3 )]
transform = Transform( -1, 0, 3.27826e-07, 0, 1, 0, -3.27826e-07, 0, -1, -46.0909, 0, -75.1507 )

[node name="Enemy_shooter5" parent="." instance=ExtResource( 3 )]
transform = Transform( 1, 0, 5.96046e-08, 0, 1, 0, -5.96046e-08, 0, 1, -13.8909, 0, -50.5507 )

[node name="Enemy_shooter6" parent="." instance=ExtResource( 3 )]
transform = Transform( 0.996195, 0, -0.0871557, 0, 1, 0, 0.0871557, 0, 0.996195, -2.0909, 0, -51.5507 )

[node name="Enemy_shooter7" parent="." instance=ExtResource( 3 )]
transform = Transform( -0.258819, 0, 0.965926, 0, 1, 0, -0.965926, 0, -0.258819, 35.9091, 0, -75.1507 )

[node name="Enemy_shooter8" parent="." instance=ExtResource( 3 )]
transform = Transform( -0.258819, 0, 0.965926, 0, 1, 0, -0.965926, 0, -0.258819, 35.9091, 0, -94.1507 )

[node name="Enemy_shooter9" parent="." instance=ExtResource( 3 )]
transform = Transform( -0.5, 0, 0.866026, 0, 1, 0, -0.866026, 0, -0.5, 35.9091, 0, -105.151 )

[node name="Enemy_shooter10" parent="." instance=ExtResource( 3 )]
transform = Transform( -1, 0, 4.17233e-07, 0, 1, 0, -4.17233e-07, 0, -1, -10.0909, 0, -112.151 )

[node name="Enemy_shooter11" parent="." instance=ExtResource( 3 )]
transform = Transform( -1, 0, 4.17233e-07, 0, 1, 0, -4.17233e-07, 0, -1, -11.0909, 0, -129.151 )

[node name="Enemy_shooter12" parent="." instance=ExtResource( 3 )]
transform = Transform( -0.965926, 0, -0.258819, 0, 1, 0, 0.258819, 0, -0.965926, -13.0909, 2, -147.151 )

[node name="Enemy_shooter13" parent="." instance=ExtResource( 3 )]
transform = Transform( -0.5, 0, -0.866025, 0, 1, 0, 0.866025, 0, -0.5, -21.0909, 0, -186.151 )

[node name="Enemy_shooter14" parent="." instance=ExtResource( 3 )]
transform = Transform( -0.707107, 0, -0.707107, 0, 1, 0, 0.707107, 0, -0.707107, 28.9091, 0, -180.151 )

[node name="Enemy_shooter15" parent="." instance=ExtResource( 3 )]
transform = Transform( -0.258819, 0, -0.965926, 0, 1, 0, 0.965926, 0, -0.258819, -27.0909, 0, -179.151 )

[node name="Enemy_shooter16" parent="." instance=ExtResource( 3 )]
transform = Transform( -0.5, 0, -0.866025, 0, 1, 0, 0.866025, 0, -0.5, -27.0909, 0, -182.151 )

[node name="Enemy_shooter17" parent="." instance=ExtResource( 3 )]
transform = Transform( -0.965926, 0, 0.258819, 0, 1, 0, -0.258819, 0, -0.965926, 39.9091, 0, -165.151 )

[node name="Enemy_shooter18" parent="." instance=ExtResource( 3 )]
transform = Transform( -1, 0, 5.96046e-08, 0, 1, 0, -5.96046e-08, 0, -1, 40.9091, 0, -139.151 )

[node name="Enemy_shooter19" parent="." instance=ExtResource( 3 )]
transform = Transform( 0.5, 0, 0.866025, 0, 1, 0, -0.866025, 0, 0.5, 10.9091, 0, -41.151 )

[node name="Enemy_shooter20" parent="." instance=ExtResource( 3 )]
transform = Transform( 1, 0, -2.98023e-08, 0, 1, 0, 2.98023e-08, 0, 1, -12.0909, 0, -22.151 )

[node name="Enemy_shooter21" parent="." instance=ExtResource( 3 )]
transform = Transform( 1, 0, -2.98023e-08, 0, 1, 0, 2.98023e-08, 0, 1, -8.0909, 0, -23.151 )

[node name="Enemy_shooter22" parent="." instance=ExtResource( 3 )]
transform = Transform( -0.866025, 0, 0.5, 0, 1, 0, -0.5, 0, -0.866025, -39.0909, 0, -58.151 )

[node name="Enemy_shooter23" parent="." instance=ExtResource( 3 )]
transform = Transform( -0.965926, 0, 0.258819, 0, 1, 0, -0.258819, 0, -0.965926, -51.0909, 0, -57.151 )

[node name="Enemy_shooter24" parent="." instance=ExtResource( 3 )]
transform = Transform( 0.707107, 0, -0.707107, 0, 1, 0, 0.707107, 0, 0.707107, -22.2909, 0, -43.151 )

[node name="Enemy_boss" parent="." instance=ExtResource( 5 )]
transform = Transform( -0.258819, 0, -0.965926, 0, 1, 0, 0.965926, 0, -0.258819, -31, 0, -183 )
